
power = 2744.81434376868
throughput = 15687.75
composite = 6562.00893183307
